15
976409952
1480288113
1440950658
1131393845
1646907886
1298855343
1406178072
976409949
1621239546
1682983838
1730022566
986932541
276798344
275965263
1439368096
281816192
275965277
276798361
1440799364
1509687164
881555976
493481397
493481399
493481401
493481406
493481509
716314864
493481515
1725721225
1439332421
1439332436
1439323380
1469468732
735341033
1523817616
1195884702
1575426405
1735344963
1638227026
170587451
1443692602
912453074
1581367860
342896703
931674208
1454063550
1672441158
260319513
275965259
1749013889
484160210
