18
391341516
1672880093
1443328372
1450958915
1417069365
1478006112
1556265756
1022337590
1567874952
1443818450
1709025454
1463409621
1710278506
1498015747
1675492857
1033402245
1494255566
1672876985
1554441478
1673995036
1444279149
1575568099
1614394641
1644073647
1531688158
1593230648
1182991735
1018718353
1479396162
1457103615
1580457913
1688641838
1638417335
1515395385
1592427635
1471149524
1636673946
1509043054
1698453966
1710118231
944020122
1520644918
1515574046
1644453329
168556894
585518977
1481271828
1584779002
1694860537
1462214136
1484548149
1597697612
1542515748
1607350253
1570375104
1725275174
1535628328
1446046629
767313698
1642628453
1622594774
1489417790
1490463655
1676681359
1440835316
1173043573
1599362859
1553271103
284708098
1629019074
1734724767
925584900
1405076653
1471022572
1580576160
1680664035
1524854184
1456747711
1638417335
1329847015
1598730993
1743173253
1548660284
1315910782
956529003
1244026966
557063562
1505871175
1443634555
1618635870
1616077201
1644453329
1597981107
1622333458
1521723355
1547794697
