19
1699109958
935463187
1712064305
1204617887
1453882722
1608865957
1438894441
265876028
1434345846
1445043157
1636118169
400030502
305849571
296065528
1502459842
1444287171
282542222
894111643
1549098605
1694226434
897154582
1541903021
1577316577
1575642026
1709045862
1540031623
1683414785
1692273928
1445006367
1513043302
501340535
1574563012
1622594774
1537854200
1480919833
1221168105
1529202387
1565038665
1731555670
1646530258
1732118216
1436182301
1529504220
1751469548
547713169
80766636
1226644336
1605597165
1505327884
1580691985
1542182776
255343000
1674210495
1631097325
1758532645
1609325037
1550773267
1600565630
1438211468
1639380426
1265893532
719601371
1440897026
1322322243
1613302342
1344721733
1455057992
1614394641
1344721732
1629848233
1670614241
1513111218
1418236231
809134537
1388908398
1529186630
1521888670
