20
1667357186
1460119715
1739871396
1733892650
155897070
1157609495
1531532613
1559839882
1164756242
1455989426
1625862803
1752582370
1431203158
1479837444
1635617504
1736664237
1548455244
155896946
1697480986
1700909526
435813074
1708297306
1516143482
1592730576
1067464841
811747395
1653684350
607340439
1250288388
1517788068
1740548947
1672781804
1137790179
1700472678
1635863698
1562175516
1554507580
1554507499
1473505752
1457275772
1268206942
1671756713
1686566954
1704209441
1680054127
1499609586
1624173768
493456847
1572967540
1524143901
1485464070
1156311436
552232576
1695660634
490819308
1638177458
1711198041
1711445278
1157610097
1755737907
1004831818
1528878347
1634871085
1606890892
1745311367
1621476927
1724858237
1585055686
1481301234
1222654554
1440560153
1270838481
1575123174
1558600318
1496548659
1540720621
