21
273143823
1647759981
1669480460
1485464070
396867806
1647253423
1626146761
664996727
1729815662
1603152822
1440787246
580752228
490819308
1443649353
1442588907
1174270678
1443926993
1060368766
1440857537
1445734525
1275468074
1573800045
1728145515
1735932958
1443649352
1300198957
493493249
598521581
1657252874
1677262622
1514324387
493493125
684610449
387845412
1754666535
1151001410
1600777090
1698723213
1698534874
1658391701
1675498262
1201004899
1679076788
424968544
1563369239
1746585742
1563369241
1563369242
1747058155
1661294475
1446865942
1563369456
1691174647
1647222502
1671352139
1224530983
1692263917
1539168134
824227709
1240232669
493493126
1648144364
1730447149
1655111372
1558584454
1502089382
1269669748
584013469
1719190874
1508916028
1507317889
1057349384
1558584454
1321956930
1631909589
1699205092
1469319393
1460075869
1453389740
1060368766
1207820257
1615832518
1418325581
922876189
1648144364
1584663501
1605597165
1627354261
1647210918
219176259
1169525401
