22
1518106542
1440776922
1654138642
1277759073
1545301081
1620617351
1693674866
197977195
1746009208
1616514632
1673932582
1221192713
714262196
1650039647
1469760592
1672130196
1737266883
1472893088
1446038150
1754560203
1536670028
1680095167
1469589004
1573484417
1390633680
1641524308
1497522654
1657426743
259753050
1475847572
1440756135
1705664060
1717590193
278800946
1303426045
1730072136
1452955711
1591648605
1170113501
1442846328
1423937216
1675484439
1501006814
1451323903
1587414059
1612119039
1292566054
1329794245
271489744
1724768373
1246416998
1485063432
1675491702
1386942640
1458434761
1725708773
1750359133
314079162
1444378011
1704238665
297101321
1747662493
1726570235
1716427589
1726660384
1700340598
1680624508
1359304875
1448420618
1692838486
1458923200
1707632301
1552598331
1512810545
1738517275
1535821283
1716944241
1533143444
651006040
1725240684
1719185585
1690897136
1440847422
1612738770
1440941609
872853973
1561081992
371369079
1739879580
1720476136
1245463758
1725952577
1448701716
1547775301
854626844
1049157359
1732003541
1708985220
1749616874
1475695463
1679455196
1698576237
1521870840
416534845
1722770741
935504608
1662458817
1643766866
1729782792
1524299362
1739691361
845406209
1580900233
