antichill 😡
1509043054
1489417790
1471149524
1734724767
1454063550
1673995036
1622594774
1672876985
1494255566
1710278506
1609325037
1615860716
1462705331
1627015590
1444279149
1437992312
1645594322
1513043302
1510052235
1685069388
1612332917
501340535
1577316577
1521889282
1521888670
1574563012
1629411444
1590615001
1755063227
1516928311
1591269987
1689352459
1554441478
1490913153
885621067
1709045862
1445006367
1692273928
1483022133
1586149151
1529186630
1537854200
1539244945
1061131472
1272733803
1540031623
1541243931
1631143226
1683414785
1518780767
1581003429
1647111281
1474805522
1575385076
1575642026
919082879
907693429
1743927637
1554507499
1571139786
1562175516
1574728313
1554507580
1592144523
1612332479
1693674866
1706363072
1632186705
