chill 🥶
1644073647
925584900
1506674785
1438515809
1744475814
644339862
1712309410
1672406876
1743779429
669302145
1471022572
1388424257
1440927208
1597981107
1480919833
1694860537
1550773267
1639380426
283372816
1434916611
1575568099
1440913590
1670107064
1443209913
1496346464
1617062223
808036866
255108614
1440786003
1613737553
1731555670
1671667142
997042112
1478006112
1614394641
1270181898
1445006367
1732118216
1441133102
1646530258
1529202387
1221168105
1593230648
389083449
1502459842
1521203170
1565038665
1473505752
1469577528
1457275772
1451479972
1531688158
1588421648
1456056575
1151637051
261424960
1475712346
1436182301
1733892650
1579610461
1587060930
1627037835
1530071356
1559839882
1712064305
715689978
574406659
1430457765
1193377966
1443108212
403770404
1378427475
1669315499
1316136533
1562175516
1195540943
1615860716
1446737284
396867806
1529504220
1002790493
1624142472
1469078939
1418236231
1240232669
1558584454
1655111372
1612164667
1730447149
935463187
1648144364
1752448174
1057349384
1321956930
259753050
