coffee brewing ☕️
1597981107
1478006112
715689978
574406659
1556265756
1417069365
1513211207
1444287171
1502459842
1672781804
1635617504
1699109958
396867806
1443926993
1657252874
1677262622
598521581
1300198957
359714499
1514324387
1460075869
1445043157
1647210918
935463187
1487071068
1498015747
1513111218
1698723213
1592427635
1754666535
1647222502
590165745
1671352139
315577586
1224530983
1558584454
1629848233
1735932958
1655111372
1730447149
1638417335
1648144364
1321956930
1508916028
1620617351
1545301081
1658890166
1507317889
1752448174
1057349384
1654138642
1462702463
274671379
1682722246
1440827162
1584663501
1692263917
1049157359
1469760592
1486841896
1746009208
1650039647
1245463758
1616514632
1106330154
1673932582
1221192713
259753050
1705664060
1605597165
1747662493
1726570235
1732003541
