I can't read
1542515748
1743779429
1570375104
1672880093
1688641838
1515395385
1182991735
1443328372
1597981107
1417069365
1498015747
1585125774
439917102
1556265756
767313698
1599362859
1549098605
400030502
1597697612
1450958915
1593230648
1505327884
1699109958
1455057992
1513111218
1631097325
1608865957
1725275174
935463187
1614394641
1731555670
1438095913
1660633603
1434345846
1204617887
1600565630
719601371
1559839882
1217911386
1502459842
1521203170
1365746458
1444287171
1590737475
1542182776
1360212105
1497774526
1415210506
1541903021
1223795067
1560113349
1548412548
1667357186
1698669675
1635863698
1712064305
424150625
1749177376
1607350253
273143823
1647759981
305849571
296065528
1638417335
1573800045
1468949007
332669690
1673197350
598521581
396867806
1755561151
1523817616
