spotify liked songs
1525245752
1641881950
215317677
1620504549
882658780
1594425623
1730405290
261480525
845406209
1722770741
935504608
1169525401
1545796455
1662458817
1643766866
1729782792
251584499
1524299362
1732003541
1708985220
1749616874
1739691361
1475695463
1679455196
1755084799
1539689206
1564521869
1641781427
170587451
1521870840
1690897136
1739879580
1547775301
1448701716
1533143444
1716944241
1720476136
1561081992
1716427589
1707924033
1566059087
1627354261
854626844
1739441710
1440847422
1738517275
622656386
1700340598
1440941609
1448420618
1359304875
219176259
1562175516
1612738770
1647210918
371369079
1512810545
1726570235
1680624508
1726660384
1552598331
1444853628
1492874585
1386942640
297101321
1692838486
1719185585
1725240684
1704238665
577656821
1707632301
1444378011
1673995036
1750359133
1715838993
1725708773
1484548149
651006040
1246416998
1493818110
1485063432
1329794245
1724768373
1675491702
1167297872
1292566054
278800946
1303426045
1730072136
1452955711
80766636
1591648605
1139033475
1170113501
1442846328
1423937216
1745599179
1675484439
1501006814
1636526063
1451323903
1458923200
1612119039
1675497813
692090030
1705664060
1535628328
1535821283
1334714053
1717590193
457331033
1440756135
1472893088
1446038150
1754560203
1680095167
1573484417
1390633680
1641524308
1497522654
1657426743
275965277
259753050
1475847572
1737266883
1692504007
1605597165
1494970054
1221192713
1049157359
1510904191
1673932582
1616514632
714262196
1650039647
1245463758
1440560153
1547794697
1746009208
1682722246
507677780
1672130196
1584663501
1440827162
1631909589
1440776922
1518106542
1730022566
1057349384
1507317889
1654138642
1545301081
1508916028
1321956930
1730447149
1648144364
197977195
255343000
1498015747
1418236231
1747058155
1563369239
1539168134
1668841051
1671352139
1496346464
1269669748
1679076788
1453389740
1691174647
584013469
1719190874
824227709
1182991735
1151001410
493493125
1657252874
1443649352
1677262622
493493249
684610449
598521581
1727020155
1060368766
1478006112
1275468074
1445734525
1440857537
1754964353
1443649353
1440787246
1615776446
664996727
1749013889
1626146761
1527145112
1647253423
1485464070
296065528
400030502
1517788068
1636118169
1647759981
1417069365
1524143901
607340439
1450958915
276798361
1653684350
1743779429
811747395
1067464841
1675485304
1592730576
1516143482
1558600318
1708297306
435813074
1608865957
1440942110
1628534530
1700909526
692089842
1697480986
1440950658
155896946
942088614
1615652159
493481395
1736664237
881555976
1469577528
1039528468
493481513
1479837444
1431203158
1752582370
1223795067
1625862803
1455989426
1164756242
1389411361
1204617887
692089833
1745311367
265876028
1698669675
1157610097
1157609495
155897070
1628387911
1733892650
1700472678
1585125774
1509687164
881555976
976409952
1667357186
1438894441
1415210506
935463187
1434345846
1480288113
1699109958
1597981107
