old
1221168105
283372816
1693943283
1670107064
1617062223
1434916611
1440913590
1301440030
1712309410
255108614
1744475814
1442552215
808036866
1440786003
1672406876
1644453329
1413082313
1689498942
989431382
1565911059
1560856922
1510078954
1141402434
203709128
1013121845
1440897633
635016641
538438984
962887950
1440904664
1141088714
1567564858
1445846535
261355755
1592144523
1500853065
645744839
1565038665
1153937624
1567077986
1502228846
1613737553
80815016
1440927208
1442493528
829440923
1744641875
1389405157
1609044868
1308724981
298575248
255643916
160022831
1483458582
273211124
1672880093
304819384
304208070
1588421648
528792213
626205217
1579610461
1367450647
992200953
1444314703
1605597165
877684287
1464648869
257524515
597079249
1124261986
1634451273
