vibes
1443018051
1513978910
1597913495
1724503501
1609125998
1540903888
1656785824
1519118872
1549659725
1591648605
1517788746
1707632301
1613230838
1535561898
1710369698
1488014203
1502577163
1446038150
1683240363
1702939773
1440756135
1513978908
1469589004
1341477579
1677293882
1168986129
1230743321
1329794245
1443063993
1618990630
1458653871
1607991995
1651422413
1466444368
1443920147
1142743473
1564521869
1514516838
1708795462
1575976050
1730885719
41655325
596834671
1516936908
941823189
1568302302
1519617367
856131734
1536670028
1536670052
1679086524
1554456589
1725890934
1624695791
1663558166
1444084811
1440884469
1328130549
1475847572
1644799070
1600806943
1403334264
543061237
1699712661
214370072
266768713
265670679
1564344054
1573484417
1573484422
1438243821
1438243983
1646423504
1679029391
1503300865
574222704
1476587396
1085907662
1521316458
1521316448
1390633680
1560505079
1601871464
1601871467
1586728450
1582732402
1506521925
1506521926
1601870055
1423299601
1588481137
481488008
1742330479
1754560203
121065513
1644735055
1562919025
1751129833
1191236777
1653854738
1644977195
1680095316
1527305619
1683240368
1683240556
1601869807
1633164240
1471016949
1399303431
1443668300
1492609486
1721754042
649874227
1609126175
1478908781
1663962291
1475695463
1527305620
1454545675
1562919028
1246240150
1515825429
1500343680
1500344106
1051831090
1660892389
1498720832
716273227
1440882184
1441064528
1677384512
1568159621
1738327630
1527305623
433200143
1716052004
704790789
1657138783
1641524308
1712076589
1693893044
1664205858
1680095167
1677236910
1677236908
1689498942
1562919026
1537371473
1713987461
1737868633
1717590193
1657426743
1396291689
1442104344
41296268
273143823
1645611098
1534307531
1618859171
1479522565
1497522654
1423937216
1443063981
1582732186
736211127
1728651052
1586728745
1443209913
1709045862
1472893088
1270838481
1521870840
