Your top songs 2022
1700909526
1431203158
1438894441
1697480986
1558600318
1039528468
1752582370
435813074
1736664237
1440942110
1694226434
1499609586
1222654554
1516143482
493481395
1558600323
1675485304
1708297306
1455989426
1509687164
1480288113
1746435064
1460119715
493456847
692089833
1624173768
975801387
265876028
1440950658
897154582
1739871396
1548455244
493481513
1067464841
1700472678
976409952
692089842
1638177458
1157609495
1675492857
1554008313
1626146761
155896946
1443649347
1749013889
881555976
1517788068
1004831818
1164756242
1659359859
1592730576
1388908398
942088614
1628534530
1613944277
1528878347
713942533
323714987
155897070
1702400903
1711198041
1751627432
811747395
1471464596
1671756713
1485464070
1442588907
1033402245
1680054127
1417069365
1745311367
1482126194
1679934234
1739441710
1157610097
1653684350
1743779429
935463187
547713169
1485046677
1585125774
1635617504
664996727
276798361
607340439
580752228
1699109958
1647759981
1434345846
1496548659
1751469548
1592348413
1712064305
1204617887
1524143901
1268206942
1686566954
1250288388
