Your top songs 2020
1699109958
1585125774
1597981107
1710278506
1743779429
1672876985
1556265756
1417069365
1498015747
1450958915
1182991735
1513043302
1513111218
1454063550
1685069388
1515395385
1570375104
1471149524
1481271828
1478006112
1505327884
1509043054
1018718353
976409952
1592427635
1577316577
276798361
1489417790
1584779002
1549098605
493481513
1694860537
1490463655
1622594774
1523817616
1574563012
1440835316
439917102
1462214136
1484548149
1629411444
1673995036
1636673946
1608865957
391341516
1390384862
1439323380
1680664035
1445006367
1524555028
943122842
1482044148
1614394641
1688641838
1488587817
1623155393
1597697612
1534788387
767313698
1462705331
305849571
1713326961
1444057547
1437992312
1494255566
1599362859
80766636
1681662883
1438894441
501340535
1751469548
1173043573
1541903021
1470472851
1474805522
1609325037
1480919833
1674210495
296065528
808036866
1521889282
400030502
1627015590
1543962901
