Your top songs 2019
1743779429
1018718353
1542515748
1570375104
1182991735
1515395385
1688641838
1592427635
1471149524
1636673946
1597981107
1509043054
1489417790
1479396162
1638417335
1390384862
1698453966
1710118231
956529003
1049189260
1244026966
1223795067
944020122
1389411361
1520644918
1673995036
1439323380
1580457913
1457103615
1743173253
1709025454
1515574046
1477479783
1623155393
1629019074
1366209774
1576774677
1444851325
1567874952
854889075
415635977
1644073647
1644453329
943122842
168556894
276798361
1523817616
956835596
1315910782
493481513
1453548202
1697044703
1443328372
585518977
669302145
735341033
1195884702
976409952
1698669675
1672880093
1529504549
1457012044
1531688158
1215426433
1580576160
1446046629
1213021383
1607350253
1506674785
959435489
804412999
1494403570
1173043573
1620504549
1548412548
1463409621
1454074606
557063562
1434005783
1462189438
1525540125
1661159161
1631595360
1744475814
1729784188
1483545495
1626373790
1672876985
1701156521
1755561151
1577604241
1442697100
1709757062
1619104409
