Your top songs 2023
1700909526
1039528468
824227709
493481395
1438894441
1067464841
1626146761
1485464070
493481513
1679076788
976409952
1431203158
1615776446
1752582370
1675485304
664996727
1480288113
1517788068
1736664237
1558600318
1440942110
1597981107
1697480986
1671352139
692089833
435813074
584013469
1417069365
692089842
1443649352
935463187
265876028
1455989426
1563369239
1516143482
881555976
684610449
1699109958
276798361
1509687164
1440950658
1657252874
1157609495
493493125
1269669748
598521581
1485011734
1749013889
811747395
1478006112
1653684350
1514324387
1700472678
493493249
1524143901
1164756242
1592730576
1647222502
1434345846
1730447149
1745311367
1628534530
607340439
1440787246
155897070
1443649353
1648144364
1747058155
1157610097
1708297306
1668841051
1743779429
155896946
1445734525
1698723213
1677262622
1638177458
942088614
1440857537
1735932958
1498015747
1624173768
1460119715
1562458562
1754666535
1204617887
400030502
1156311436
1321956930
1182991735
1608865957
1675498262
1613944277
1654138642
1223795067
1479837444
1548455244
1060368766
323714987
