Your top songs 2021
1415210506
1434345846
935463187
1438894441
1699109958
1597981107
1502459842
1480288113
1743779429
1450958915
1517788068
1608865957
265876028
1585125774
1460119715
1509687164
1444287171
1204617887
1739871396
1614394641
1559839882
1667357186
1542182776
975801387
976409952
1513111218
1560113349
391341516
323714987
1541903021
1593230648
1580691985
1417069365
1691846327
1556265756
719601371
1672880093
1157609495
1455989426
255343000
1478006112
1700472678
881555976
1613944277
1498015747
1523817616
1448923467
1137790179
1549098605
1680054127
1712064305
1152107564
1018718353
1223795067
1752582370
400030502
811747395
1731555670
1688641838
1710278506
155897070
1455057992
692089833
1635863698
1497774526
1618635870
1153937624
1521203170
1505327884
1590737475
1164756242
1570375104
305849571
552232576
1631097325
1749013889
1531532613
1646530258
1182991735
439917102
1733892650
1004831818
1579610461
1157610097
1661159161
1638417335
